0 0
1 0
2 0
3 0
4 33.3333
5 0
6 0
7 0
8 0
9 0
10 33.3333
11 0
12 33.3333
13 0
14 0
15 33.3333
16 33.3333
17 0
18 0
19 0
20 0
21 0
22 0
23 20
24 0
25 0
26 0
27 0
28 0
29 33.3333
30 33.3333
31 33.3333
32 0
33 0
34 0
35 0
36 0
37 0
38 33.3333
39 0
40 0
41 33.3333
42 33.3333
43 0
44 0
45 0
46 33.3333
47 33.3333
48 0
49 0
50 0
51 0
52 33.3333
53 0
54 33.3333
55 0
56 20
57 60
58 0
59 0
60 0
61 0
62 33.3333
63 33.3333
64 33.3333
65 33.3333
66 0
67 33.3333
68 0
69 0
70 33.3333
71 66.6667
72 66.6667
73 0
74 0
75 0
76 0
77 0
78 33.3333
79 75
80 0
81 33.3333
82 33.3333
83 0
84 33.3333
85 57.1429
86 60
87 33.3333
88 0
89 40
90 0
91 0
92 33.3333
93 0
94 33.3333
95 33.3333
96 0
97 0
98 66.6667
99 0
100 33.3333
101 33.3333
102 0
103 33.3333
104 33.3333
105 0
106 0
107 0
108 0
109 0
110 0
111 66.6667
112 0
113 0
114 0
115 22.2222
116 16.6667
117 0
118 33.3333
119 0
120 20
121 0
122 0
123 0
124 0
125 33.3333
126 0
127 66.6667
128 33.3333
129 33.3333
130 33.3333
131 0
132 0
133 0
134 33.3333
135 33.3333
136 0
137 0
138 33.3333
139 0
140 0
141 0
142 0
143 33.3333
144 33.3333
145 33.3333
146 66.6667
147 0
148 66.6667
149 0
150 0
151 0
152 33.3333
153 60
154 40
155 0
156 0
157 0
158 0
159 33.3333
160 0
161 33.3333
162 33.3333
163 66.6667
164 0
165 0
166 0
167 33.3333
168 33.3333
169 0
170 33.3333
171 0
172 33.3333
173 0
174 0
175 0
176 0
177 0
178 0
179 0
180 0
181 66.6667
182 33.3333
183 33.3333
184 50
185 20
186 33.3333
187 33.3333
188 0
189 0
190 0
191 0
192 0
193 0
194 0
195 0
196 0
197 33.3333
198 66.6667
199 0
200 0
201 0
202 0
203 0
204 0
205 0
206 0
207 0
208 0
209 0
210 0
211 0
212 0
213 0
214 0
215 0
216 0
217 0
218 0
219 0
220 0
221 0
222 0
223 0
224 0
225 0
226 0
227 0
228 0
229 0
230 0
231 66.6667
232 33.3333
233 66.6667
234 33.3333
235 33.3333
236 33.3333
237 33.3333
238 33.3333
239 33.3333
240 0
241 0
242 0
243 0
244 33.3333
245 0
246 0
247 66.6667
248 40
249 0
250 40
251 20
252 0
253 33.3333
254 0
255 33.3333
256 33.3333
257 0
258 0
259 0
260 0
261 33.3333
262 33.3333
263 0
264 0
265 33.3333
266 0
267 0
268 33.3333
269 0
270 0
271 25
272 0
273 0
274 33.3333
275 0
276 0
277 0
278 0
279 20
280 0
281 0
282 33.3333
283 0
284 33.3333
285 33.3333
286 33.3333
287 0
288 0
289 0
290 0
291 33.3333
292 66.6667
293 33.3333
294 33.3333
295 33.3333
296 0
297 33.3333
298 33.3333
299 0
300 33.3333
301 0
302 33.3333
303 25
304 0
305 66.6667
306 66.6667
307 66.6667
308 33.3333
309 33.3333
310 40
311 0
312 66.6667
313 40
314 40
315 0
316 0
317 33.3333
318 0
319 0
320 33.3333
321 33.3333
322 33.3333
323 66.6667
324 33.3333
325 33.3333
326 33.3333
327 66.6667
328 0
329 0
330 0
331 0
332 33.3333
333 0
334 33.3333
335 0
336 33.3333
337 33.3333
338 100
339 0
340 33.3333
341 0
342 0
343 0
344 0
345 0
346 22.2222
347 0
348 0
349 20
350 20
351 0
352 0
353 33.3333
354 0
355 0
356 33.3333
357 66.6667
358 0
359 33.3333
360 0
361 33.3333
362 0
363 33.3333
364 33.3333
365 0
366 0
367 0
368 0
369 0
370 0
371 0
372 33.3333
373 0
374 0
375 0
376 0
377 0
378 0
379 33.3333
380 0
381 0
382 22.2222
383 66.6667
384 0
385 33.3333
386 20
387 0
388 0
389 33.3333
390 0
391 0
392 0
393 0
394 33.3333
395 33.3333
396 0
397 0
398 0
399 33.3333
400 0
401 0
402 0
403 0
404 0
405 0
406 0
407 0
408 0
409 0
410 0
411 0
412 0
413 0
414 0
415 0
416 33.3333
417 0
418 0
419 0
420 0
421 0
422 0
423 0
424 0
425 0
426 0
427 0
428 0
429 33.3333
430 0
431 33.3333
432 0
433 0
434 0
435 0
436 0
437 0
438 0
439 0
440 0
441 0
442 0
443 0
444 0
445 0
446 0
447 33.3333
448 0
449 0
450 0
451 0
452 0
453 0
454 0
455 0
456 0
457 0
458 0
459 0
460 0
461 0
462 0
463 0
464 0
465 0
466 0
467 0
468 0
469 0
470 0
471 0
472 0
473 0
474 0
475 0
476 33.3333
477 0
478 0
479 0
480 0
481 0
482 0
483 0
484 0
485 0
486 0
487 33.3333
488 0
489 0
490 0
491 0
492 0
493 0
494 18.1818
495 10
496 0
497 0
498 0
499 0
500 0
501 0
502 0
503 0
504 33.3333
505 0
506 33.3333
507 0
508 33.3333
509 0
510 33.3333
511 33.3333
512 66.6667
513 100
514 33.3333
515 33.3333
516 0
517 66.6667
518 33.3333
519 0
520 0
521 33.3333
522 66.6667
523 33.3333
524 66.6667
525 66.6667
526 66.6667
527 40
528 20
529 33.3333
530 0
531 0
532 33.3333
533 33.3333
534 0
535 0
536 0
537 0
538 0
539 0
540 0
541 0
542 0
543 0
544 66.6667
545 25
546 0
547 0
548 33.3333
549 0
550 0
551 20
552 0
553 33.3333
554 0
555 0
556 0
557 33.3333
558 33.3333
559 0
560 0
561 0
562 0
563 0
564 0
565 0
566 0
567 0
568 0
569 0
570 0
571 0
572 0
573 0
574 0
575 0
576 0
577 66.6667
578 33.3333
579 0
580 0
581 0
582 0
583 0
584 0
585 0
586 0
587 0
588 0
589 0
590 0
591 33.3333
592 33.3333
593 0
594 0
595 0
596 0
597 33.3333
598 0
599 0
600 0
601 0
602 0
603 0
604 33.3333
605 0
606 0
607 0
608 33.3333
609 0
610 0
611 33.3333
612 0
613 0
614 0
615 0
616 18.1818
617 0
618 0
619 20
620 0
621 0
622 0
623 33.3333
624 0
625 33.3333
626 33.3333
627 33.3333
628 33.3333
629 33.3333
630 0
631 0
632 0
633 0
634 0
635 0
636 0
637 0
638 0
639 0
640 0
641 33.3333
642 0
643 33.3333
644 0
645 0
646 33.3333
647 33.3333
648 0
649 0
650 0
651 57.1429
652 0
653 0
654 0
655 0
656 0
657 33.3333
658 0
659 0
660 33.3333
661 33.3333
662 33.3333
663 0
664 0
665 66.6667
666 0
667 0
668 0
669 33.3333
670 66.6667
671 33.3333
672 33.3333
673 0
674 33.3333
675 0
676 0
677 0
678 0
679 0
680 0
681 33.3333
682 0
683 0
684 33.3333
685 33.3333
686 0
687 0
688 60
689 30
690 0
691 0
692 0
693 20
694 33.3333
695 0
696 0
697 33.3333
698 66.6667
699 0
700 33.3333
701 33.3333
702 33.3333
703 33.3333
704 33.3333
705 0
706 0
707 0
708 33.3333
709 0
710 33.3333
711 100
712 0
713 40
714 33.3333
715 66.6667
716 40
717 20
718 0
719 66.6667
720 33.3333
721 33.3333
722 0
723 0
724 66.6667
725 33.3333
726 0
727 66.6667
728 33.3333
729 0
730 0
731 33.3333
732 0
733 0
734 0
735 66.6667
736 66.6667
737 0
738 66.6667
739 33.3333
740 0
741 33.3333
742 33.3333
743 0
744 33.3333
745 22.2222
746 33.3333
747 66.6667
748 20
749 20
750 0
751 0
752 0
753 0
754 33.3333
755 33.3333
756 33.3333
757 0
758 0
759 0
760 33.3333
761 66.6667
762 0
763 0
764 66.6667
765 33.3333
766 33.3333
767 0
768 0
769 0
770 0
771 0
772 0
773 0
774 0
775 33.3333
776 0
777 0
778 33.3333
779 33.3333
780 0
781 0
782 16.6667
783 33.3333
784 0
785 33.3333
786 0
787 0
788 0
789 33.3333
790 0
791 33.3333
792 33.3333
793 33.3333
794 33.3333
795 0
796 0
797 66.6667
798 0
799 0
800 0
801 33.3333
802 0
803 33.3333
804 0
805 0
806 0
807 0
808 0
809 66.6667
810 0
811 0
812 0
813 0
814 0
815 0
816 0
817 0
818 33.3333
819 0
820 0
821 0
822 0
823 0
824 0
825 0
826 0
827 0
828 0
829 0
830 0
831 0
832 0
833 0
834 66.6667
835 0
836 66.6667
837 0
838 33.3333
839 33.3333
840 100
841 133.333
842 75
843 66.6667
844 33.3333
845 66.6667
846 66.6667
847 0
848 40
849 66.6667
850 0
851 40
852 20
853 33.3333
854 33.3333
855 33.3333
856 0
857 33.3333
858 33.3333
859 33.3333
860 0
861 0
862 66.6667
863 0
864 0
865 0
866 0
867 0
868 0
869 0
870 33.3333
871 0
872 33.3333
873 0
874 33.3333
875 33.3333
876 0
877 0
878 0
879 20
880 0
881 33.3333
882 40
883 0
884 33.3333
885 66.6667
886 66.6667
887 33.3333
888 33.3333
889 33.3333
890 33.3333
891 33.3333
892 66.6667
893 33.3333
894 66.6667
895 33.3333
896 0
897 66.6667
898 100
899 100
900 33.3333
901 100
902 100
903 66.6667
904 33.3333
905 0
906 0
907 25
908 33.3333
909 33.3333
910 33.3333
911 33.3333
912 66.6667
913 33.3333
914 0
915 0
916 0
917 40
918 40
919 0
920 33.3333
921 0
922 0
923 66.6667
924 33.3333
925 66.6667
926 100
927 66.6667
928 33.3333
929 100
930 33.3333
931 66.6667
932 0
933 0
934 33.3333
935 0
936 33.3333
937 66.6667
938 33.3333
939 33.3333
940 0
941 33.3333
942 100
943 100
944 66.6667
945 66.6667
946 40
947 100
948 100
949 20
950 60
951 100
952 100
953 66.6667
954 100
955 33.3333
956 66.6667
957 100
958 66.6667
959 100
960 0
961 0
962 0
963 0
964 0
965 0
966 0
967 0
968 0
969 0
970 0
971 0
972 0
973 33.3333
974 0
975 0
976 33.3333
977 0
978 0
979 0
980 33.3333
981 0
982 0
983 20
984 0
985 0
986 0
987 0
988 0
989 0
990 0
991 0
992 0
993 33.3333
994 0
995 33.3333
996 0
997 0
998 33.3333
999 0
