1 979281
2 221955
3 94235
4 54408
5 35409
6 25486
7 19106
8 15132
9 12218
10 10018
11 8501
12 7265
13 6441
14 5506
15 4839
16 4299
17 3852
18 3545
19 3094
20 2858
21 2608
22 2443
23 2257
24 2141
25 1888
26 1760
27 1685
28 1612
29 1409
30 1360
31 1283
32 1241
33 1164
34 1149
35 996
36 983
37 927
38 845
39 854
40 795
41 732
42 759
43 691
44 688
45 647
46 648
47 569
48 587
49 563
50 540
51 513
52 486
53 497
8246 1
55 455
56 440
57 380
58 425
59 459
60 401
8253 1
62 365
63 363
64 308
65 309
66 309
67 300
68 291
69 294
70 307
71 306
72 279
73 287
74 227
75 234
76 252
9570 1
78 229
79 200
80 204
81 253
82 220
83 204
84 208
85 209
86 191
87 192
88 167
89 175
90 167
91 166
92 166
93 155
94 162
95 166
96 157
97 164
98 153
99 154
100 155
101 151
102 140
103 127
104 129
105 121
106 152
107 118
108 114
109 140
110 118
111 125
112 103
113 123
114 115
115 123
116 100
117 113
118 104
119 98
120 105
121 92
122 93
123 98
124 89
125 101
126 105
127 90
128 96
129 85
130 85
131 70
132 88
133 68
134 75
135 74
136 87
137 75
138 83
139 80
140 64
141 83
142 74
143 61
144 85
145 79
146 81
147 73
148 74
149 62
150 63
151 60
152 57
153 60
154 59
155 56
156 55
157 72
158 62
159 66
160 52
161 61
162 58
163 54
164 55
165 49
166 50
167 41
168 48
169 60
170 47
171 56
172 61
173 60
174 39
175 64
176 45
177 40
178 52
179 46
180 41
181 43
182 50
183 50
184 38
185 60
186 55
187 45
188 49
189 38
190 45
191 32
192 45
193 55
194 42
195 36
196 39
197 50
198 33
199 26
200 41
201 34
202 37
203 40
204 36
205 36
206 40
207 37
208 29
209 31
210 33
211 41
212 35
213 33
214 36
215 26
216 33
217 33
218 42
219 33
220 28
221 28
222 30
223 31
224 46
225 20
226 27
227 32
228 30
229 24
230 22
231 33
232 33
233 27
234 20
235 29
236 35
237 30
238 31
239 30
240 29
241 30
242 28
243 26
244 15
245 31
246 29
247 23
248 26
249 17
250 27
251 27
252 32
253 26
254 28
255 24
256 25
257 23
258 21
259 26
260 32
261 20
262 12
263 25
264 34
265 23
266 23
267 18
268 25
269 23
270 21
271 21
272 20
273 17
274 23
275 17
276 19
277 20
278 21
279 18
280 13
281 27
282 17
283 22
284 17
285 17
286 11
287 17
288 17
289 22
290 12
291 24
292 18
293 18
294 17
295 18
296 17
297 14
298 17
299 13
300 18
301 18
302 16
303 21
304 25
305 18
306 21
307 14
308 15
309 11
310 13
311 13
312 16
313 15
314 13
315 19
316 18
317 13
318 9
319 22
8512 1
321 19
322 12
323 13
324 8
325 13
326 17
327 7
328 18
329 13
330 11
331 13
332 12
333 11
334 16
335 15
336 10
337 15
338 10
339 11
340 16
341 10
342 14
343 9
8536 1
345 11
346 13
347 13
348 14
349 11
350 11
351 15
352 6
353 12
354 14
355 20
356 7
357 10
358 7
359 10
360 12
361 4
362 10
363 12
364 11
365 11
366 18
367 13
368 7
369 13
370 11
371 11
372 11
373 13
374 15
375 12
376 15
8569 1
378 13
379 10
380 13
381 6
382 10
383 16
384 18
385 5
386 9
387 12
388 8
389 12
390 8
391 12
392 15
393 8
394 11
395 7
396 9
397 8
398 14
399 11
400 15
401 11
402 12
403 5
404 7
405 12
406 14
407 14
408 16
409 11
410 10
411 9
412 8
413 13
414 10
415 7
416 12
417 11
418 7
419 15
420 7
421 8
422 8
423 11
424 10
425 12
426 7
427 7
428 8
429 11
430 5
431 11
432 6
433 12
434 7
435 6
436 17
437 9
438 10
439 8
440 7
441 14
442 10
443 2
444 9
445 11
446 2
447 5
448 7
449 9
450 9
451 10
452 7
453 13
454 3
455 7
456 3
457 7
458 3
459 3
460 7
461 5
462 6
463 3
464 5
465 7
466 6
467 2
468 4
469 7
470 5
471 8
472 4
473 9
474 7
475 7
476 6
477 5
478 11
479 6
480 8
481 6
482 8
483 9
484 8
485 7
486 4
487 10
488 6
489 7
490 6
491 3
492 7
493 7
494 6
495 11
496 5
497 4
498 6
499 9
500 8
501 8
502 4
8695 1
504 9
505 3
506 5
507 4
508 6
509 7
510 5
511 6
512 7
513 3
514 6
515 8
516 9
517 5
518 6
519 8
520 2
521 8
522 6
523 5
524 4
525 5
526 4
527 3
528 2
529 8
530 7
531 6
532 7
533 3
534 5
535 3
536 6
537 7
538 8
539 5
540 4
541 4
542 9
543 9
544 4
545 4
546 7
547 5
548 5
549 4
551 9
552 5
553 7
554 4
555 4
556 3
557 1
558 1
559 7
561 4
562 7
563 3
564 9
565 7
566 7
567 3
568 4
569 6
570 2
571 3
572 3
573 7
574 4
575 4
577 7
578 3
579 2
580 4
581 3
582 4
583 4
584 6
585 3
586 4
587 6
588 6
589 5
590 3
591 4
592 5
593 2
594 5
595 3
596 9
597 7
598 1
599 4
600 6
601 2
602 3
603 2
604 3
605 2
606 5
607 4
608 8
609 6
610 6
611 4
612 3
613 5
614 5
615 4
616 5
617 2
619 4
620 5
621 11
622 5
623 2
624 2
625 4
626 2
627 8
628 3
629 3
630 4
631 1
632 5
633 4
634 2
635 1
636 4
637 4
638 3
639 5
640 2
641 4
642 5
643 4
644 1
645 1
646 2
647 9
648 9
649 4
650 6
651 4
652 3
653 3
654 6
656 2
657 2
658 2
659 2
660 4
661 1
662 1
663 3
664 1
665 5
666 4
668 2
669 4
670 2
671 6
672 3
673 1
674 1
675 5
676 5
677 1
678 2
679 3
680 1
681 5
682 3
683 2
684 1
685 4
686 1
687 2
688 4
689 2
690 4
691 2
692 4
694 1
695 4
696 2
697 3
698 4
699 5
700 3
701 3
702 4
703 2
704 4
705 3
706 3
707 3
708 3
709 4
710 1
711 2
712 4
713 2
714 2
715 4
716 5
717 4
718 3
719 5
720 2
721 5
722 2
723 3
724 3
725 2
726 3
727 3
728 4
729 1
730 2
731 1
732 2
733 2
734 4
735 4
736 1
737 3
738 2
739 7
741 4
742 1
743 2
744 1
745 4
746 1
747 1
748 2
749 1
750 6
751 4
752 5
753 3
754 1
755 4
756 1
757 1
758 4
759 1
760 6
761 8
762 4
763 2
764 6
765 4
766 3
767 2
768 4
770 1
771 2
772 1
773 3
774 1
775 1
776 5
780 6
781 3
782 2
783 2
785 3
786 6
787 2
788 1
789 1
790 1
792 2
793 2
794 1
795 2
796 3
797 2
798 3
799 3
800 1
801 1
802 3
803 2
804 3
805 3
17190 1
807 3
808 4
809 3
810 2
811 2
812 3
813 2
814 1
816 1
817 1
818 4
819 1
820 4
821 4
9014 1
824 1
825 2
826 3
827 4
828 3
829 4
832 3
833 1
834 2
835 3
836 1
838 3
839 1
840 2
841 2
842 4
843 1
844 3
845 5
846 1
847 6
848 4
849 2
850 3
851 3
853 3
854 1
855 3
857 1
858 4
860 2
862 2
863 2
864 1
865 3
866 1
867 1
868 3
869 5
870 2
871 1
872 5
873 3
874 2
875 2
877 3
878 3
879 3
880 1
881 1
882 4
883 2
9076 1
885 1
886 3
887 3
889 3
890 1
891 2
892 4
893 2
894 3
895 3
896 3
898 2
899 1
900 1
901 1
902 1
904 3
9097 1
906 1
907 3
908 2
909 3
911 2
912 1
913 5
914 1
915 4
916 3
917 1
918 5
920 3
921 2
922 4
923 1
924 2
926 1
927 1
928 2
929 1
931 2
932 2
933 3
934 3
935 1
936 1
937 3
938 2
939 1
940 1
941 1
942 3
943 2
944 3
945 1
946 2
947 1
948 2
949 1
950 3
951 1
952 1
953 1
954 3
955 1
956 1
957 2
958 2
959 2
960 1
961 3
962 1
963 1
964 2
966 1
967 4
968 2
969 3
970 1
971 3
972 1
973 1
974 3
975 1
976 5
977 4
978 2
979 1
980 2
981 1
982 2
983 1
987 2
988 4
989 2
990 1
991 1
994 3
995 1
997 1
998 1
1000 2
1001 1
1002 2
1004 2
1005 1
1007 1
1009 1
1010 2
1011 3
1012 2
1013 1
1014 2
1016 1
1017 3
1018 1
1019 1
1020 1
1022 1
1023 1
1024 2
1026 1
1028 2
1029 2
1030 1
1031 1
1032 1
1033 2
1034 3
1035 3
1036 1
1039 3
1040 1
1042 1
1043 3
1044 1
1045 1
1046 1
1047 2
1050 4
1051 1
1052 2
1054 1
1055 2
1057 2
1058 2
1059 1
1060 4
1061 2
1062 4
1063 1
1064 1
1065 3
1066 2
9259 1
1068 2
1072 3
1073 1
1075 3
1077 1
1079 2
1082 2
1085 4
1086 2
1087 1
1089 1
1090 1
1091 1
1093 1
1094 2
1097 2
1098 1
1099 2
1101 4
1102 1
1103 3
1107 2
1108 1
1109 1
1110 1
1111 1
1112 3
1114 1
1115 1
1116 1
1117 2
1118 2
1119 1
1121 4
1122 1
1126 1
1128 1
1129 1
1130 4
1131 1
1133 1
1136 1
1137 1
1138 2
1139 1
1140 1
1141 3
1142 1
1143 2
1144 4
1145 2
1147 2
1149 3
1150 5
1151 2
1152 4
1153 1
1155 1
1157 1
1158 1
1159 1
1160 2
1161 1
1162 1
1168 1
1171 1
1173 1
1174 1
1175 1
1176 1
1178 2
1180 2
1183 3
1184 2
1185 2
1186 1
1187 2
1188 1
1189 2
1190 1
1192 3
1193 1
1194 1
1197 1
1198 2
1199 2
1201 1
1203 1
1204 1
1207 1
1209 1
1211 1
9404 1
1213 1
1215 1
1216 1
1220 1
1221 1
1222 2
1223 1
1224 1
1227 1
1228 1
1229 2
1231 3
1233 3
1234 1
1237 2
1239 1
1241 1
1242 1
1243 1
1245 2
1246 2
1247 1
1248 3
1249 1
1250 1
1251 1
1252 1
1253 2
1254 1
1255 1
1256 1
1258 1
1262 1
1264 2
1266 2
1269 1
1271 1
1272 3
1273 1
1275 1
1276 2
1277 1
1278 1
1279 2
1281 2
1282 1
1284 1
1287 1
1289 1
1290 1
1293 1
1296 4
1297 1
1299 2
1300 2
1301 1
1303 3
1304 1
1305 1
1306 1
1308 1
1309 1
1310 3
1311 1
1313 1
1314 1
1315 3
1316 1
1317 1
1319 1
1320 1
1321 2
1324 1
1325 2
1326 2
1327 1
1329 1
1330 1
1331 2
1332 1
1333 1
1338 2
1340 2
1341 2
1346 1
1347 1
1348 1
1349 2
1353 1
1354 2
1356 1
1358 1
1363 2
1364 2
1367 1
1368 1
1369 2
1370 2
1371 1
1372 1
1375 1
1377 1
1378 1
1380 1
1381 1
1383 2
1384 1
1385 1
1386 2
1387 1
1389 1
1390 2
1391 1
1392 2
1393 1
1395 1
1397 1
1404 1
1405 1
1407 1
1409 1
1411 1
1412 1
1414 1
1415 2
1416 1
1417 2
1418 1
1419 1
1420 1
1421 1
1422 1
1423 1
1424 1
1425 1
1427 1
1429 1
1431 1
1433 3
1434 1
1435 2
1436 1
1438 3
1439 1
1440 2
1442 1
1445 1
1446 1
1447 2
1448 1
1450 1
1453 1
1454 1
1455 1
1456 1
1457 1
1458 1
1460 1
1461 2
1464 1
1469 1
1476 1
1477 1
1478 1
1481 2
1483 1
1484 1
1485 1
1490 1
1492 3
1493 1
1495 1
1498 1
1501 1
1502 1
1503 2
1507 3
1508 1
1509 1
1512 2
1516 1
1520 1
1521 1
1522 1
1524 2
1526 1
1527 2
1531 1
1541 2
1542 1
1544 1
1551 1
1552 2
1553 1
1562 1
9755 1
17949 1
1567 2
1569 1
1572 1
1573 1
1576 1
1580 1
1581 1
1583 1
1584 2
1590 1
1593 1
1600 1
1606 1
1608 1
1610 2
1611 2
1614 4
1616 1
1618 1
1623 1
1624 1
1625 2
54 477
1629 1
1632 1
1634 2
1642 1
1644 1
1651 1
1652 1
1655 1
1656 1
1657 1
1658 1
1659 2
1661 4
1662 2
1664 3
1666 1
1667 1
1672 1
1675 2
1676 1
1678 1
1679 1
1683 1
1686 1
1687 1
1688 1
1690 1
1692 1
1713 3
1715 1
1718 2
1720 1
18111 1
1733 3
1736 1
1738 1
1742 1
1744 1
1750 2
1752 1
1757 1
1758 3
1760 1
1766 1
1772 1
1773 2
1774 1
1776 1
1778 1
1779 3
1780 1
1783 1
1784 2
1785 1
1787 1
1788 1
1792 1
1793 1
1794 1
1796 3
1797 1
1799 1
1802 1
1803 1
1804 1
1805 1
1810 2
1811 1
1814 1
1818 1
1819 1
1825 1
1831 1
1832 1
1833 1
1835 2
61 396
1842 1
1844 1
1845 1
1847 3
10040 1
1852 1
1856 2
1859 1
1860 1
1863 2
1866 1
1869 1
1870 2
1876 1
1885 1
1888 1
1892 1
1895 1
1901 1
1905 1
1908 1
1911 1
1915 1
1916 1
1918 1
1920 1
1921 1
1933 1
1934 1
10129 1
1942 2
1943 1
1944 1
1945 1
1946 1
1950 2
1954 1
1955 2
1956 2
1957 2
1958 1
1962 1
1964 1
1969 1
1973 1
1974 1
1980 3
1983 1
1989 1
1993 1
2002 2
2007 1
2009 1
2011 1
2013 1
2015 1
2017 1
2020 1
2021 1
2022 1
2023 1
2024 1
2025 2
2026 1
2028 1
2035 2
2048 1
2054 1
2059 1
344 13
2068 1
2071 2
2074 1
2083 1
43044 1
2085 1
2091 1
2098 1
2101 2
2102 1
2106 1
2107 2
2113 1
2117 1
2119 1
2120 1
2122 1
2128 2
2130 1
2133 1
2134 1
2137 1
2140 1
2142 1
10340 1
2150 1
2155 1
2164 1
2167 1
2177 1
2180 1
2181 1
2183 1
2186 1
2187 1
2191 1
2196 1
10395 1
2209 1
2211 1
2214 1
2219 1
2224 1
2228 1
2233 1
2240 1
2243 1
2250 1
2251 1
2257 1
377 11
2268 1
2271 1
2272 1
2275 1
2282 1
2283 1
2286 2
3112 1
2291 1
2299 1
2301 1
2305 1
2308 1
2312 2
2317 2
77 236
2322 2
2323 2
2324 2
2331 1
26915 1
2346 1
2351 1
2363 2
2365 1
2370 1
2387 1
2388 1
2391 2
2395 1
2397 1
2399 1
2408 1
2413 1
2414 1
2419 1
2421 1
2423 1
2424 1
2434 2
2449 1
2463 1
2482 1
2483 1
2496 1
2509 1
2513 1
2526 1
2529 1
2531 1
2532 1
2542 1
2560 2
2568 1
2572 1
10771 1
2581 1
2589 1
2595 2
2596 1
2604 1
2607 1
2616 2
2632 1
10830 1
2643 1
2649 1
2651 1
2653 1
2658 1
2663 1
2666 1
10867 1
2677 1
2684 1
2687 1
2694 1
2697 1
2709 1
2717 1
2727 1
2728 1
2732 1
2733 1
2736 1
2744 1
2748 1
2755 1
2760 1
2762 1
10962 1
2772 1
2797 1
2817 1
2823 1
2826 1
2829 1
2830 1
2834 1
2835 1
2840 1
2848 1
2853 1
2864 1
2870 1
2873 1
2876 1
2878 1
34613 1
2882 1
2891 1
2894 1
2909 1
2910 1
11103 1
2919 1
2923 1
19317 1
2940 1
2949 1
2960 1
2965 1
2978 1
2984 1
2985 1
2987 1
2995 1
503 8
3022 1
3023 1
3025 1
3034 1
3040 1
3041 1
44003 1
3051 1
3052 1
3055 1
3056 1
3058 1
3059 1
3070 2
3085 1
3091 1
3109 1
11304 1
3113 2
3114 1
3124 1
11318 1
3129 1
3141 1
3153 2
3164 1
3168 1
3194 1
3199 1
3201 1
3210 1
3212 1
3239 1
3244 1
3245 1
3247 1
3273 1
3285 2
3286 1
3299 1
3314 1
3319 2
3325 1
3337 1
3346 1
11553 1
3366 1
3379 1
3387 1
3402 1
3404 1
3425 1
3431 1
3434 1
3445 1
3450 1
19844 1
3471 1
3475 1
3499 1
3502 1
3505 1
3514 1
3535 1
3547 1
3551 1
3598 1
3634 1
1212 1
3653 1
3654 1
3664 1
3674 1
20059 1
3683 1
3704 1
3712 1
3720 1
3729 1
3758 1
3775 1
3777 1
3788 1
11998 1
3824 1
3834 1
3842 1
3844 1
12046 1
4739 1
3863 1
3867 1
3870 1
3902 1
3909 1
3930 1
9028 1
3979 1
3987 1
3990 1
4012 2
28605 1
4073 1
12295 1
4128 1
4129 1
4161 1
4168 1
4229 1
151691 1
4240 1
4247 2
4314 1
4319 1
4321 1
4342 1
4367 1
4396 1
4406 2
4414 1
8928 1
37249 1
4493 1
4532 1
4590 1
4632 1
4668 1
4674 1
2148 1
4725 1
18539 1
4769 1
4832 1
6267 1
806 4
4848 1
4869 1
4902 1
45874 1
4948 1
4986 1
25412 1
5045 1
5070 1
5104 1
5123 1
5138 1
5139 1
5147 1
5155 1
5160 1
5178 1
5199 1
5298 1
884 1
5328 1
5329 1
5367 1
5386 1
9091 1
905 1
5452 1
5461 1
5497 1
13209 1
5547 1
13795 1
5616 1
5696 1
5701 1
13982 1
5798 1
5806 1
9161 1
2339 1
5846 1
5848 1
5895 1
5901 1
5920 1
5950 1
6041 1
1565 1
6052 1
6056 1
6068 1
6104 1
6126 1
6207 1
6220 1
6228 1
6243 1
11967 1
14501 1
14515 1
6339 1
6370 1
6398 1
6432 1
6453 1
6496 1
6507 1
6530 1
6562 1
6566 1
6590 1
6602 1
6691 1
6717 1
6750 1
6809 1
15075 1
6900 1
39707 1
7069 1
320 13
7168 1
7200 1
15414 1
7267 1
7269 1
15465 1
9407 1
7364 1
7382 1
7417 1
15614 1
7445 1
7499 1
7504 1
81347 1
56797 1
7680 1
7687 1
32353 1
7885 1
16134 1
16165 1
8042 1
16270 1
