1 3889177
2 572112
3 190471
4 97703
5 59293
6 39792
7 28639
8 21400
2057 1
10 13388
11 10915
12 9100
6157 1
14 6454
15 5642
16 4821
2065 1
18 3877
19 3378
20 2968
21 2777
22 2430
23 2264
4120 1
25 1886
26 1734
2075 2
28 1605
346 7
30 1259
31 1153
32 1137
33 1049
34 1019
35 987
36 909
37 758
38 723
689 1
40 680
41 695
42 626
43 605
44 573
45 539
46 549
47 464
48 480
49 435
50 410
51 416
52 404
82 167
54 373
55 349
2104 1
57 327
58 324
59 320
60 275
61 257
62 285
693 1
64 230
65 252
4162 1
67 230
68 239
69 208
70 221
2119 1
72 176
73 205
74 202
75 173
76 178
77 187
78 156
79 161
80 176
81 158
2130 1
2403 1
84 154
85 133
86 161
87 128
355 7
356 7
90 122
91 142
92 123
93 119
94 98
357 3
96 99
97 112
98 117
99 108
100 95
2149 1
102 88
103 100
104 72
105 89
106 73
107 68
108 93
2157 1
110 83
111 82
112 69
113 66
114 59
115 73
116 83
117 68
118 68
119 67
120 58
121 64
122 56
123 68
124 62
362 3
126 53
127 72
128 52
129 51
130 45
131 43
132 66
2181 1
134 41
135 42
136 51
137 57
138 48
139 43
140 60
141 47
2190 1
143 46
144 48
145 48
146 50
147 58
2196 1
149 52
150 44
151 45
2200 1
153 41
154 25
155 40
156 37
157 40
158 36
159 43
160 36
161 34
162 39
163 47
164 28
165 37
166 29
167 25
168 31
169 29
170 28
171 38
172 24
173 27
2222 1
175 26
176 24
177 29
178 28
179 30
180 24
181 25
182 25
183 23
184 24
185 27
186 30
187 21
188 26
189 23
190 23
191 26
192 23
193 32
194 32
195 18
196 23
197 12
198 19
199 10
200 22
201 23
202 21
203 20
204 17
205 27
206 30
207 22
208 22
4305 1
210 22
416 3
212 16
213 18
214 21
215 18
216 21
217 17
2266 1
219 22
220 11
221 23
222 12
223 12
224 13
225 12
226 24
379 5
228 17
2277 1
230 16
231 15
232 17
233 17
234 7
235 20
236 13
237 16
238 16
239 14
240 19
241 12
242 11
243 15
244 14
245 8
246 15
247 15
248 15
249 14
250 14
251 10
252 11
253 13
254 16
255 13
256 8
257 11
258 7
259 8
260 13
261 9
262 8
263 7
264 8
265 10
266 14
267 9
268 8
269 11
270 11
1069 1
272 15
273 12
274 10
275 7
276 7
277 14
12566 1
279 9
280 11
281 9
282 11
283 4
284 10
285 9
286 3
287 4
288 7
289 6
290 4
291 5
292 9
293 15
294 10
295 9
296 4
297 4
2346 1
299 4
300 12
301 5
302 6
303 10
2352 1
6449 1
306 12
307 6
308 9
309 8
310 12
311 11
312 8
313 7
314 2
315 4
316 11
317 8
318 4
319 4
320 7
321 10
322 8
395 1
324 8
325 9
326 9
327 8
328 4
329 6
330 4
331 8
332 8
333 7
334 10
335 10
336 9
337 5
338 11
339 13
340 7
341 6
342 6
343 7
344 11
345 8
2394 1
347 4
348 6
349 8
350 12
351 4
352 7
353 4
354 8
1083 1
2404 1
1766 2
358 4
359 6
360 5
361 4
8554 1
363 8
364 4
365 2
366 8
367 6
368 5
369 6
370 5
371 5
372 6
373 11
374 4
376 5
377 8
378 5
6523 1
380 8
381 5
382 6
383 6
384 5
385 10
386 10
387 5
388 1
389 6
390 3
391 4
392 4
393 3
394 7
565 4
396 3
397 6
398 6
399 2
400 2
401 7
402 3
403 3
404 6
405 1
406 2
2455 1
408 6
409 6
410 8
411 5
413 4
414 2
415 4
832 2
417 6
418 4
419 3
420 4
421 4
422 3
423 5
424 6
425 4
426 6
427 1
428 5
429 3
430 4
431 6
432 4
433 6
434 3
435 4
436 4
437 3
438 1
439 3
440 2
441 3
442 2
443 3
444 7
445 3
446 1
447 1
448 5
449 3
450 2
451 9
452 3
453 1
454 7
455 4
457 4
458 2
459 4
460 3
461 3
462 2
463 3
464 2
465 3
466 1
467 2
468 3
469 4
470 4
761 2
2520 1
473 6
474 3
475 2
476 2
477 1
478 5
479 6
480 4
481 2
482 6
483 5
484 3
485 1
486 4
487 1
488 2
489 2
490 3
491 3
493 4
494 2
495 5
496 2
497 6
498 1
83 162
500 4
2549 1
502 1
504 5
505 3
506 4
507 2
508 3
509 4
510 2
511 2
512 2
513 1
514 1
515 3
516 7
517 1
518 3
519 5
520 3
521 1
522 1
523 3
524 1
525 1
526 1
527 2
528 3
529 3
530 1
531 1
532 1
533 2
534 4
535 1
536 1
537 1
538 2
539 1
540 2
541 3
542 1
543 5
544 4
546 1
547 3
548 2
550 3
551 2
2600 1
553 3
554 1
555 2
556 1
557 2
559 5
561 2
562 1
563 1
564 3
4661 1
567 1
6712 1
570 1
571 3
2620 1
574 4
576 3
577 2
579 2
580 2
2629 1
582 4
583 5
584 1
585 2
587 5
588 2
589 5
590 3
592 1
593 4
594 1
595 3
598 1
599 1
600 1
601 1
602 1
603 4
604 1
605 1
607 2
608 2
609 2
611 1
612 3
613 3
614 2
615 4
617 2
618 1
619 2
620 2
622 1
623 1
624 1
625 1
626 1
627 1
628 2
629 3
630 1
631 2
632 1
633 1
634 1
635 1
636 2
637 1
639 2
640 3
641 3
642 4
643 1
646 1
649 1
650 2
651 2
653 1
654 4
655 1
656 2
657 1
659 2
661 2
662 3
665 1
667 1
668 1
670 1
673 2
674 2
675 1
676 1
680 1
681 2
683 2
685 1
686 2
688 1
8881 1
691 1
798 1
697 2
698 1
700 1
701 1
702 1
1141 1
704 3
705 1
706 2
709 2
710 1
712 3
713 1
714 1
715 1
2764 1
717 1
718 3
719 1
720 1
721 2
723 1
724 1
725 1
726 1
727 2
729 1
4827 1
732 2
2781 2
734 1
735 1
737 2
738 3
229 14
740 1
741 2
744 1
746 2
747 2
750 1
751 3
752 2
753 2
754 2
756 1
758 3
759 2
2809 1
762 2
765 1
766 1
771 1
772 2
2821 1
774 2
777 2
778 3
779 1
780 2
782 3
783 3
784 1
785 2
786 1
788 1
789 1
791 2
792 1
793 1
795 2
797 3
2846 1
799 2
800 2
803 1
2853 1
810 2
811 1
815 1
816 1
821 1
825 1
826 1
830 1
831 1
2880 1
833 2
834 2
837 3
838 2
841 3
843 1
845 1
846 1
847 1
848 1
850 2
851 1
852 2
853 1
854 1
855 2
858 2
859 3
101 110
861 1
866 2
868 2
869 1
142 45
872 1
7017 1
874 1
876 1
878 2
2929 1
884 3
885 1
886 2
888 1
148 54
891 1
897 3
898 2
900 2
902 2
903 2
906 2
908 1
909 1
910 1
911 1
2960 1
913 2
916 2
921 2
923 4
925 1
926 1
928 2
929 2
930 1
932 2
934 1
935 1
2986 1
941 1
942 2
943 2
944 1
948 3
950 1
951 1
88 143
954 1
957 1
958 1
959 1
960 1
961 1
964 1
965 1
968 1
970 1
974 2
976 2
977 1
978 2
983 3
985 1
986 1
990 2
991 2
993 2
995 1
998 1
1006 2
1010 1
1012 1
1016 1
1017 1
1018 1
1020 1
1021 1
1024 2
1026 1
1028 3
1029 1
1031 1
1033 1
15370 1
1035 2
1041 1
1042 1
1043 1
1044 1
174 35
1046 3
1047 1
1051 1
1053 1
1056 1
1057 1
1059 2
1068 2
3117 1
1075 2
1077 1
1080 1
1082 1
3131 1
1088 1
1089 1
1091 1
1093 1
1096 2
1097 1
1098 1
3147 1
1100 1
1103 1
71 210
1111 2
1113 1
1115 2
1116 1
1118 1
17 4299
1121 1
1124 1
1125 1
1127 1
1128 1
1131 2
1138 1
1139 1
3189 1
873 1
1145 1
1146 1
1149 1
1152 1
1153 2
1154 1
1157 1
3212 1
1167 1
1169 1
1170 2
39 726
1180 1
1188 1
881 1
1195 2
1207 1
1212 1
1215 1
1222 1
1225 1
1228 1
1229 1
109 92
1233 1
1235 2
3284 1
1238 1
1240 1
1242 1
1246 2
3297 1
1250 2
1252 1
209 19
1258 1
1260 1
1263 1
1265 1
211 16
1271 1
1272 1
1277 1
1279 1
1286 1
1287 1
1289 1
1290 1
1293 1
1296 2
1304 1
218 10
1326 1
1328 1
1329 1
1331 2
1333 1
1338 1
1342 1
1343 2
1344 2
1353 1
1355 1
1359 1
568 3
227 23
1364 1
1365 1
1367 1
1370 2
1371 1
1374 1
1375 1
1379 2
1380 1
9 16806
1382 1
5480 1
572 2
1389 1
1392 1
1395 1
1402 1
3454 1
1410 1
1415 1
1419 1
89 140
29 1479
1431 1
5528 1
1435 1
1437 1
581 3
1445 1
1448 1
1452 1
1453 1
1457 1
1458 1
1461 1
1463 1
1469 1
1472 1
1473 1
1480 1
1482 1
1489 2
1490 1
1493 1
501 6
1501 1
1504 1
1507 1
1511 1
1517 1
1522 1
1526 1
1528 1
1532 1
1533 1
1537 1
1541 1
1543 3
1546 1
1548 1
1549 1
1552 1
1556 1
1559 1
1568 1
1573 1
1575 1
3625 1
24 1981
1590 1
1591 1
1593 1
1594 1
53 378
1604 1
1612 1
1615 1
152 35
3665 1
271 5
1628 1
3344 1
1636 1
1638 1
1641 1
1651 1
1656 1
1660 1
5758 1
278 13
1671 1
56 363
3736 1
3741 1
1701 1
125 62
3765 1
1739 1
66 266
1751 1
1753 1
1755 1
9958 1
1768 1
1769 2
1770 1
1773 1
1778 1
298 10
3845 1
1799 1
5900 1
1806 1
304 11
305 8
1840 1
471 1
1870 1
1871 1
1875 1
1876 1
1880 1
3932 1
1887 1
1888 1
472 2
1894 1
1895 1
63 259
1917 1
1918 1
1919 1
323 7
1945 1
1950 1
133 52
1963 1
1969 1
1977 1
13 7827
407 3
1992 1
5112 1
95 119
2005 1
2019 1
27 1639
4085 1
2042 1
2046 1
