1 40693
2 12780
3 6483
4 4244
5 2950
6 2363
7 1908
8 1514
9 1389
16394 1
11 996
12 919
13 845
14 722
15 632
16 598
17 561
18 473
19 447
20 429
21 425
22 403
17753 1
24 373
25 344
8218 1
27 279
28 272
29 266
30 239
31 242
32 210
33 236
34 222
35 220
36 180
37 177
38 177
39 178
131112 1
41 160
42 130
43 156
44 153
45 174
46 148
47 123
48 134
49 125
8242 1
51 105
52 107
53 97
54 109
55 106
56 82
57 83
58 91
59 110
60 91
61 80
8254 1
63 84
64 81
65 90
66 79
67 83
68 74
69 72
70 50
71 79
72 62
73 71
74 62
75 77
76 62
77 62
78 45
79 51
80 57
81 63
82 48
83 45
84 53
85 47
86 63
87 45
16472 1
89 67
90 49
91 46
92 56
93 61
94 47
95 56
96 35
97 30
98 42
99 45
8292 1
101 45
102 33
103 49
104 43
105 31
106 41
107 39
108 45
109 34
110 37
111 41
112 28
113 41
114 36
115 33
116 34
117 33
118 36
119 31
120 32
121 31
122 30
123 29
124 33
8317 1
126 34
127 35
128 31
129 30
130 37
131 29
132 24
133 39
134 23
135 33
136 34
137 26
138 18
139 23
140 20
141 29
142 30
143 21
144 29
145 24
146 26
147 17
148 25
149 22
150 31
151 19
152 29
153 24
154 18
155 22
156 28
157 20
8350 1
159 20
160 20
161 21
162 21
163 13
164 22
165 22
166 24
167 16
168 18
169 15
170 27
171 26
172 23
173 17
174 22
175 21
176 22
16561 1
178 20
179 5
180 12
181 24
182 15
183 19
184 19
185 25
186 21
187 27
188 20
189 21
190 19
191 15
192 19
193 14
194 11
195 17
196 17
197 10
198 12
199 20
200 15
201 14
202 11
8395 1
204 7
205 17
206 22
207 17
208 19
209 10
210 18
211 11
212 10
213 9
214 17
215 18
216 10
217 10
218 13
219 12
220 14
221 7
222 12
223 12
224 16
225 11
226 13
227 14
228 10
229 13
230 9
231 15
232 11
233 15
234 8
235 8
236 6
237 4
238 12
239 14
240 8
241 16
242 12
243 13
244 21
245 11
246 9
247 10
248 10
249 10
16634 1
251 9
252 9
253 13
254 6
255 9
256 9
257 10
258 14
259 6
260 7
261 15
262 6
90375 1
264 15
265 9
266 12
267 11
268 10
269 14
270 4
271 7
272 7
273 8
274 8
275 9
276 4
277 12
278 5
279 8
280 10
281 6
282 14
283 8
284 7
285 7
286 7
287 7
288 5
289 12
290 9
291 12
292 9
293 9
294 8
295 14
296 9
297 6
298 9
299 8
300 5
301 8
302 9
303 9
304 11
305 5
306 8
307 4
308 7
309 6
310 7
311 4
312 5
313 9
314 8
315 2
316 7
317 10
318 7
319 6
320 13
321 3
322 6
8515 1
324 12
325 6
24902 1
327 9
328 7
329 8
330 10
331 11
332 6
333 11
334 4
335 3
336 7
337 7
338 8
339 2
340 7
341 10
342 8
343 5
344 1
345 9
346 5
347 5
348 10
349 7
350 8
351 7
352 7
353 8
354 7
355 10
356 8
357 5
358 4
359 6
360 9
8553 1
362 4
363 6
364 6
365 6
366 5
367 10
368 3
369 5
370 4
371 8
372 3
373 3
374 13
375 11
376 7
377 7
378 4
379 4
380 5
381 7
382 2
383 8
384 7
385 11
386 4
387 4
388 5
389 1
390 6
391 2
392 6
393 5
394 2
395 7
396 5
397 2
398 3
399 4
400 8
8593 1
402 3
403 5
404 4
405 9
406 7
407 5
408 3
409 2
410 4
411 2
412 3
413 4
414 9
415 2
416 6
417 3
418 1
419 7
8612 1
421 3
422 6
423 3
424 5
425 4
426 8
427 6
428 7
429 9
430 5
431 8
433 4
434 4
435 4
436 3
437 4
438 5
439 4
440 3
441 7
442 2
443 7
444 4
445 3
446 3
447 5
448 3
450 4
451 3
452 2
453 3
454 5
455 4
456 1
457 4
458 3
459 5
460 2
461 4
462 2
463 6
464 6
465 6
466 3
467 7
8660 1
469 7
470 6
471 4
472 6
473 2
474 3
475 5
476 5
477 4
478 8
8671 1
480 3
8673 1
482 4
483 5
484 3
485 4
486 3
487 5
488 5
489 2
490 6
491 2
492 3
493 5
494 3
495 2
8688 1
497 4
498 1
499 1
500 1
501 1
502 4
503 3
504 6
505 2
506 1
507 6
508 4
509 6
510 6
511 3
512 3
513 4
514 2
515 3
516 5
518 3
519 2
520 8
521 3
522 7
523 3
524 2
525 2
526 5
527 6
528 5
8721 1
530 4
531 3
532 5
533 1
534 4
535 3
536 3
537 9
8730 1
539 3
540 1
541 5
542 6
543 2
544 6
545 3
546 5
547 4
548 5
549 4
550 4
551 3
552 2
553 5
554 1
555 6
556 2
557 5
558 2
559 6
560 2
561 6
562 1
563 2
564 1
565 6
566 8
567 2
568 1
569 3
570 4
571 5
8764 1
573 4
574 1
575 4
576 2
577 1
578 1
579 5
580 3
581 2
582 4
25159 1
584 5
586 2
587 5
588 1
589 5
590 7
591 2
592 2
593 3
594 4
595 6
8788 1
597 2
598 2
599 5
601 3
602 3
603 2
604 3
605 1
606 2
607 1
608 1
610 7
611 3
612 2
614 6
615 4
616 3
617 2
618 3
619 4
621 1
622 2
623 4
624 2
625 2
626 3
627 4
628 3
629 4
630 3
631 2
632 4
633 4
635 3
636 3
637 5
8832 1
641 2
642 1
644 3
645 3
646 5
647 4
648 1
649 3
650 4
651 2
652 2
653 3
654 1
655 3
656 4
657 1
658 1
659 4
660 1
661 1
662 6
663 2
665 4
666 2
667 2
668 1
670 5
671 2
672 3
673 2
674 3
675 3
676 3
677 3
678 3
679 1
680 2
681 1
682 1
683 3
684 3
687 3
688 4
689 1
690 2
691 3
692 1
693 1
694 3
695 1
25272 1
698 1
699 3
8892 1
701 1
702 3
703 4
704 5
706 1
707 3
8900 1
709 1
710 2
711 1
712 5
713 1
714 1
715 2
716 2
719 2
720 7
721 3
722 3
723 4
724 3
725 4
726 1
727 2
730 1
731 2
732 3
733 3
734 3
735 1
736 2
738 5
740 3
741 2
742 3
743 2
744 2
745 2
8938 1
748 2
749 3
750 1
125 32
752 2
753 3
754 1
755 1
756 1
757 2
758 4
759 1
760 2
761 1
762 4
763 3
764 3
765 1
766 1
767 3
768 5
769 2
770 2
771 3
773 6
774 2
775 4
776 4
777 1
778 3
779 1
780 3
781 1
782 3
783 3
784 2
786 1
788 2
789 1
790 2
791 4
792 1
793 3
794 3
795 3
796 2
797 2
800 3
801 3
803 1
804 3
805 1
806 3
807 5
808 1
809 4
810 1
811 7
812 1
813 2
815 2
816 1
817 1
819 1
821 2
822 2
823 1
824 2
825 1
826 2
827 1
831 4
832 3
833 1
834 3
837 1
838 2
839 3
840 2
841 2
843 1
844 2
845 1
846 1
847 1
848 2
850 2
851 2
852 2
853 1
854 3
856 2
857 1
858 3
860 2
861 1
863 1
864 2
865 3
866 1
867 3
868 1
870 3
41831 1
872 1
874 1
875 2
876 2
877 1
879 1
880 1
881 2
882 3
883 1
884 1
885 2
886 2
887 1
888 2
889 1
890 1
892 2
893 1
894 3
896 1
897 1
898 2
900 2
901 1
902 1
903 1
905 2
906 1
907 5
910 4
912 4
913 1
915 2
916 2
918 4
919 1
920 3
921 1
922 3
924 3
926 1
927 3
928 2
931 4
933 1
934 2
935 1
936 1
937 1
938 3
939 1
940 1
941 1
942 2
944 1
945 1
946 4
948 2
949 2
950 1
951 1
952 1
953 1
957 1
958 1
9151 1
961 1
963 2
964 1
965 2
966 2
967 2
968 2
969 3
970 1
972 1
973 1
974 2
975 2
976 1
978 5
979 1
980 1
981 2
984 2
986 1
987 1
989 1
992 1
9185 1
994 1
995 2
996 4
997 3
998 2
999 1
1001 2
1002 2
1003 3
1004 1
9198 1
9200 1
1009 2
1010 2
1011 2
1012 3
1014 4
1015 2
1016 3
17401 1
1019 1
1020 2
1021 2
1024 1
1027 4
1029 1
1030 1
1032 1
1034 1
1036 2
1037 1
1039 1
1040 1
1043 1
1044 4
1045 1
1046 2
1047 4
1048 2
1050 4
1052 1
1053 1
1054 2
1055 2
1059 3
1061 1
1062 1
1063 1
1064 3
1066 2
1068 2
1069 1
1070 3
25648 1
1073 2
1074 3
1079 1
1081 1
1083 2
9276 1
1085 1
1086 1
1087 1
1088 1
1089 2
1091 1
1092 2
1093 1
1096 4
1098 2
1099 1
476236 1
1101 2
1102 2
1104 2
1105 1
1106 1
1107 1
1108 1
1113 1
1114 2
1115 2
1116 2
1117 1
1118 2
1119 1
1120 1
1121 3
1123 2
1124 3
1125 2
1128 1
1130 2
1131 1
1133 2
1135 3
1136 3
1137 4
1139 1
1140 1
1146 1
1147 2
1148 2
1149 2
1154 2
1157 2
1158 1
1160 1
1161 4
1162 2
1163 5
1164 1
1167 1
1168 1
1170 3
1171 1
1172 1
1173 1
1174 4
1175 1
1177 3
1179 1
1181 2
1182 1
1183 2
1186 1
1187 3
1188 1
1189 2
1192 1
1193 1
1195 1
1196 5
1200 1
1201 3
1202 2
1204 2
1205 2
1206 1
40 161
1208 1
1209 1
1210 1
1212 2
1213 2
1214 2
1215 1
1216 2
1217 2
1219 2
1220 1
1221 1
1222 1
1226 1
1228 1
1229 1
1230 1
1231 1
1232 2
1233 2
1235 1
1236 4
1237 1
1238 4
1239 2
1240 1
1241 1
1242 2
1243 1
1244 2
1246 2
1248 2
1249 1
1252 1
1254 2
1256 1
1258 1
1260 1
1261 2
1262 5
1263 1
1264 4
1265 1
1266 2
1267 1
1269 1
1271 1
1272 1
17657 1
1274 2
1277 1
1278 1
1279 1
1280 1
1281 1
1282 1
1283 1
1284 1
1285 2
1286 1
1287 3
1290 2
1291 2
1292 2
1294 1
1295 2
1299 1
1300 1
1303 2
1304 2
1305 1
1306 2
1307 1
1308 2
1309 2
1311 5
1312 3
1313 2
1314 1
1315 1
1317 1
1318 1
1319 1
1320 1
9513 1
1327 1
1330 1
1331 1
1332 3
1333 1
1335 2
1336 2
9529 1
1339 1
1340 1
1342 2
9781 1
1345 2
9541 1
1350 1
1352 1
1354 1
1355 1
1356 3
1360 3
1361 3
1362 1
1363 2
1369 4
1371 1
1372 1
1375 1
1379 2
1382 2
1385 1
1386 1
1388 1
1390 1
1391 4
1392 2
1393 1
1395 1
1398 1
1399 1
1400 1
1401 1
1403 1
1405 1
1412 1
1414 1
1418 4
1420 1
1421 2
1423 1
1425 1
1426 1
1429 4
42390 1
1433 1
1435 2
1437 1
1440 2
1441 1
1443 1
1444 1
1445 1
1448 1
1450 1
1451 2
1452 1
1453 2
1456 1
1458 1
1459 1
1460 2
1461 1
1466 1
1467 2
1470 1
1471 1
1473 2
1474 1
1475 1
1478 1
1480 1
1481 1
1483 1
1486 2
1489 1
1491 1
1494 2
1497 1
250 13
1502 1
1506 1
1507 1
9700 1
1510 1
1511 1
1514 1
1515 1
1517 1
1521 1
1522 1
1523 1
1526 2
1527 2
1528 3
1531 1
1532 2
1534 2
1536 1
1537 1
1538 1
1544 1
1545 1
1547 1
1548 2
1549 1
1552 1
1555 1
1556 1
1559 2
1561 2
1562 1
1563 1
1566 2
1568 2
1572 1
1573 1
1574 1
1575 1
1577 1
263 12
1582 1
1584 1
1587 1
1588 1
1589 1
1590 2
1592 1
1601 1
1602 1
1603 2
1604 1
1605 1
1607 1
1612 2
1613 1
1615 2
1617 1
1620 1
1622 1
1624 2
1625 1
1627 1
1629 1
1631 1
1633 1
1634 1
1636 1
1638 1
1640 1
1642 1
1644 4
1651 1
1654 1
1655 1
1656 3
1657 1
1659 1
1662 1
1663 1
1664 2
1665 1
1669 1
1671 1
1672 1
1673 1
1675 4
1676 1
1679 3
1680 1
1681 1
1682 1
1683 2
1686 2
9879 1
1691 1
1693 2
1696 1
1699 2
1701 1
1702 1
1704 2
1705 1
1707 3
1709 1
1711 1
1712 1
1713 1
1715 1
1720 1
1722 1
1723 2
1724 1
1725 2
1728 1
1731 1
1735 1
1741 1
1743 1
1746 2
1748 2
1750 2
1751 1
1752 1
1755 2
1757 1
1758 1
1762 1
1764 1
9957 1
1766 1
1768 1
1769 1
1779 1
1782 1
1784 1
1786 1
1787 1
26364 1
1791 1
1796 3
1802 1
1808 1
1812 2
1813 2
1818 1
1819 1
1820 2
1821 1
1822 2
1823 1
1824 1
1829 1
1831 1
1835 2
1836 1
1839 2
1842 2
1848 1
1853 1
1854 1
1856 1
26438 1
62 76
1869 1
1870 1
1872 2
1875 1
1878 1
1879 1
1890 1
1892 1
1893 1
1895 1
1898 1
1903 1
1904 1
1908 1
1909 1
1916 2
1919 1
1921 1
1929 1
1931 1
1932 1
1933 1
1935 1
1936 1
1939 1
1941 1
10134 1
1945 1
1947 1
1948 1
1949 1
1950 2
1954 1
1957 1
1961 1
10156 1
1965 2
1970 2
1971 1
1973 2
1974 1
1975 1
18362 1
1979 1
18366 1
1987 1
1990 1
1992 1
1994 1
1997 1
10190 1
1999 1
2000 1
2009 1
2011 1
2019 1
10214 1
2038 1
2039 1
2040 1
2045 1
2046 1
2052 1
2053 1
2057 1
2061 1
2062 2
2063 1
2065 1
2068 1
2074 1
2085 1
2088 1
2091 1
2097 1
2100 1
2105 1
2107 3
2112 1
2120 1
2121 1
2125 1
2133 1
2136 1
2138 1
2143 1
2145 1
2146 1
2153 1
2157 1
10351 1
26737 1
2164 1
2165 1
2166 1
361 5
2168 1
2169 1
2170 1
2172 1
2175 1
2178 1
2179 1
2181 1
2184 1
2189 1
2191 1
2193 1
2196 1
2197 1
2199 2
10393 1
2202 2
2204 1
2207 1
2214 1
2225 1
2228 1
2234 2
2236 1
84166 1
2247 1
2248 2
2250 1
2257 1
2258 1
2262 1
2263 1
2265 1
2266 1
2268 1
2274 1
2277 1
2278 1
10478 1
2291 1
2293 1
2299 1
2304 1
2309 1
2312 1
2317 1
11309 1
2323 1
2328 1
2330 2
18719 1
2336 1
2337 1
2340 1
2348 1
2349 1
2351 1
2354 1
2362 1
2371 1
2373 1
2375 1
2376 1
2378 1
2389 1
2393 1
2397 1
401 9
2412 1
2414 1
2415 1
2427 2
27004 1
2432 1
2434 1
2435 1
10633 1
2445 1
2452 1
2461 1
2462 1
2466 1
2472 1
27051 1
2478 1
2502 1
2503 1
2513 1
68052 1
2519 2
18904 1
420 5
2525 1
2526 1
10722 1
2538 1
100844 1
2542 1
2553 1
2554 1
2560 1
2569 1
2571 1
2575 1
2583 1
2585 1
2595 1
2604 1
2610 1
2616 1
19002 1
2626 1
2629 1
43590 1
2633 1
2637 1
2644 1
88 52
2669 1
27258 1
2685 1
2692 1
2693 1
2694 1
2695 2
2696 1
27273 1
2698 1
2700 1
10902 1
19096 1
2715 1
2717 1
2718 2
68256 1
2732 1
2750 1
2752 1
2760 1
35530 1
2766 1
2776 1
2779 1
20944 1
2796 1
2802 1
2807 2
2813 1
2814 1
2818 1
27413 1
2839 1
640 2
2843 1
2845 2
11038 1
2856 1
2859 1
2862 1
2873 1
479 3
2880 1
2882 1
2885 1
481 9
19272 1
2890 1
2894 1
2902 1
2905 1
2907 1
2908 1
2914 1
2915 1
2916 2
2917 2
2918 1
11112 1
2922 1
2929 1
2932 1
2936 1
2937 1
2939 1
2944 1
2950 1
2962 1
2965 1
496 2
2978 1
2998 1
3002 1
11197 1
3007 1
100 44
3018 1
11211 1
43985 1
3026 1
3027 1
3028 1
19416 1
10064 1
3069 1
3078 1
3080 1
3093 1
3098 1
3101 1
3111 1
3117 1
3134 1
11333 1
19526 1
529 2
3179 2
68716 1
3181 1
3189 1
3190 1
3196 1
3201 1
3208 1
3218 1
3219 1
538 3
11424 1
3239 1
3240 1
3246 1
3254 1
36028 1
3270 1
3274 1
3284 1
3288 2
3290 1
3291 1
3300 1
3316 1
3334 1
3341 1
3347 1
3349 1
3350 1
3352 1
3355 1
142625 1
3363 1
3369 1
3386 1
3392 1
3400 2
3405 1
3410 1
3412 2
3413 1
3421 1
11620 1
572 3
3438 1
3443 1
3446 1
28031 1
3460 2
3470 1
23 407
3483 1
3494 1
583 6
3515 1
3520 1
3522 1
11715 1
3531 1
3539 1
11743 1
3556 1
3561 1
3562 1
596 3
3585 1
19971 1
3590 1
3602 1
3612 1
3618 1
20005 1
3622 1
3630 1
3646 1
3651 1
3654 1
3668 1
3687 1
3703 1
3708 1
3709 1
3722 1
3724 1
3740 1
3751 1
3752 1
3754 1
3780 2
36552 1
3791 1
93904 1
3795 1
3803 1
3807 1
3810 1
3841 1
3844 1
3848 2
3853 1
3854 2
3869 1
3870 1
12063 1
3886 1
3889 1
3902 1
3908 1
12107 1
26 325
3938 1
3944 1
3946 1
3954 1
3955 1
3960 1
3982 1
3992 1
4018 1
4023 1
4028 1
4042 2
4053 1
4056 1
4058 1
12264 1
45035 1
4076 1
4077 1
4088 1
4090 1
4096 1
4124 1
4127 1
4129 1
4145 1
4147 1
696 5
3428 3
4188 1
36969 1
4203 1
36981 1
4215 1
4216 1
4226 1
4228 1
4237 1
4238 2
4239 1
4243 1
4248 1
708 3
4260 1
4262 1
4265 1
4273 1
4281 1
4317 1
86240 1
4340 1
4352 2
4360 1
12568 1
4387 1
4393 1
4414 1
12611 1
29004 1
4429 1
4438 1
746 1
4491 1
4499 1
12708 1
4526 1
4533 1
20935 1
70089 1
4560 1
4575 1
45820 1
946672 1
4597 1
4625 1
4627 1
225813 1
700 1
4665 1
4678 1
4685 1
4697 1
4721 1
12916 1
4741 1
158 24
4753 1
2161 1
8992 1
4816 1
4821 1
4829 1
4850 1
4860 1
4914 1
4917 1
4922 1
4923 1
4952 1
4960 1
4969 1
4985 1
4988 1
9024 1
4997 1
5004 1
5020 1
5023 1
13254 1
111566 1
5079 1
5106 1
5112 1
5117 1
5131 1
21525 1
5157 1
5168 1
5194 1
5207 1
5224 1
5251 1
5272 1
177 21
439498 1
5327 1
5334 1
5350 1
13543 1
21762 1
29957 1
13592 1
5418 1
5420 1
357723 1
5468 1
5472 1
218471 1
5483 1
38262 1
5496 1
13693 1
5515 1
2286 1
5609 1
5610 1
5644 1
5649 1
5650 1
13848 1
9138 1
63045 1
5708 1
5722 1
2319 1
30316 1
5751 1
5761 1
5774 1
5799 2
13995 1
2335 1
14014 1
5824 1
5832 1
5852 1
5859 1
5866 1
30447 1
5888 1
5890 1
38662 1
5905 1
5942 1
993 1
14225 1
1006 1
1008 3
14263 1
6075 1
6100 1
203 17
1017 2
6109 1
6183 1
30828 1
6367 1
6371 1
6388 1
6391 1
14606 1
6425 1
6455 1
6456 2
6493 1
6505 1
9283 1
96678 1
9291 1
6690 1
14910 1
6723 2
6738 1
6761 1
6769 1
6787 1
6801 1
6813 1
39602 1
17523 1
6855 1
6871 1
6883 1
15082 1
2516 1
6908 1
6919 1
6921 1
2520 1
39711 1
15169 1
6978 1
7022 1
7027 1
7071 1
9374 1
7110 1
89105 1
15380 1
7247 1
7258 1
7279 1
7311 1
7341 1
122038 1
7364 1
15558 1
15559 1
7421 1
7426 1
15645 1
23838 1
7465 1
220465 1
7524 1
7526 1
50 108
9448 1
15752 1
323 3
48543 1
7604 1
7620 1
24016 1
1273 1
10 1109
286208 1
7685 1
24084 1
7726 1
15927 1
114240 1
56903 1
7758 1
7760 1
7770 1
7796 1
7806 1
7824 1
7830 1
16027 1
7884 1
19630 1
7923 1
7944 1
24336 1
2697 1
8000 1
81742 1
326 9
16237 1
8082 1
8093 1
40904 1
8150 1
8155 1
8180 1
8189 1
