-1 0 0 32.9885
0 0 0 32.7843
0 1 0 32.7154
1 -1 0 32.329
1 0 0 32.3242
1 0 1 32.2797
1 0 2 32.2518
1 0 3 32.23
1 0 4 32.2135
1 0 5 32.2011
1 0 6 32.1925
1 0 7 32.1861
1 0 8 32.1802
1 0 9 32.1752
1 1 0 32.2844
1 1 1 32.2667
1 1 2 32.2529
1 1 3 32.2437
1 1 4 32.2361
1 1 5 32.2243
1 1 6 32.2103
1 1 7 32.2002
1 1 8 32.1961
1 1 9 32.192
2 -1 0 31.7492
2 0 0 31.6408
2 0 1 31.5739
2 0 2 31.5184
2 0 3 31.4772
2 0 4 31.4459
2 0 5 31.4172
2 0 6 31.393
2 0 7 31.3769
2 0 8 31.3664
2 0 9 31.3604
2 1 0 31.3925
2 1 1 31.3684
2 1 2 31.3566
2 1 3 31.3485
2 1 4 31.3433
2 1 5 31.338
2 1 6 31.3337
2 1 7 31.3281
2 1 8 31.3242
2 1 9 31.3205
3 -1 0 30.7989
3 0 0 30.7684
3 0 1 30.7147
3 0 2 30.6912
3 0 3 30.6765
3 0 4 30.6696
3 0 5 30.6653
3 0 6 30.6613
3 0 7 30.6576
3 0 8 30.6539
3 0 9 30.6497
3 1 0 30.6376
3 1 1 30.6113
3 1 2 30.5969
3 1 3 30.5886
3 1 4 30.5841
3 1 5 30.58
3 1 6 30.5763
3 1 7 30.5736
3 1 8 30.5725
3 1 9 30.5714
