-1 0 0 32.9885
0 0 0 31.1333
0 1 0 30.3493
1 -1 0 29.8389
1 0 0 29.5668
1 0 1 29.5407
1 0 2 29.5246
1 0 3 29.5089
1 0 4 29.4927
1 0 5 29.4826
1 0 6 29.4749
1 0 7 29.471
1 0 8 29.4676
1 0 9 29.4653
1 1 0 29.3975
1 1 1 29.3932
1 1 2 29.3894
1 1 3 29.3876
1 1 4 29.3864
1 1 5 29.3855
1 1 6 29.3845
1 1 7 29.3832
1 1 8 29.3816
1 1 9 29.3799
2 -1 0 28.9457
2 0 0 28.8439
2 0 1 28.8138
2 0 2 28.7952
2 0 3 28.7814
2 0 4 28.7705
2 0 5 28.7625
2 0 6 28.7563
2 0 7 28.751
2 0 8 28.7457
2 0 9 28.739
2 1 0 28.716
2 1 1 28.7042
2 1 2 28.6931
2 1 3 28.6877
2 1 4 28.6849
2 1 5 28.6822
2 1 6 28.6794
2 1 7 28.6762
2 1 8 28.6735
2 1 9 28.6713
3 -1 0 28.1123
3 0 0 28.0483
3 0 1 28.0165
3 0 2 27.9961
3 0 3 27.9835
3 0 4 27.9756
3 0 5 27.9709
3 0 6 27.9679
3 0 7 27.9662
3 0 8 27.9648
3 0 9 27.9635
3 1 0 27.975
3 1 1 27.9715
3 1 2 27.9701
3 1 3 27.9691
3 1 4 27.9682
3 1 5 27.9677
3 1 6 27.9676
3 1 7 27.9675
3 1 8 27.9674
3 1 9 27.9674
