-1 0 0 32.9885
0 0 0 31.1333
0 1 0 30.3493
1 -1 0 29.8389
1 0 0 29.5385
1 0 1 29.5128
1 0 2 29.4965
1 0 3 29.4808
1 0 4 29.4649
1 0 5 29.4547
1 0 6 29.4469
1 0 7 29.4428
1 0 8 29.4396
1 0 9 29.4366
1 1 0 29.3678
1 1 1 29.3623
1 1 2 29.3584
1 1 3 29.3565
1 1 4 29.3553
1 1 5 29.3544
1 1 6 29.3532
1 1 7 29.352
1 1 8 29.3503
1 1 9 29.3487
2 -1 0 28.9191
2 0 0 28.8189
2 0 1 28.7882
2 0 2 28.7697
2 0 3 28.7554
2 0 4 28.7439
2 0 5 28.7358
2 0 6 28.7299
2 0 7 28.7243
2 0 8 28.7187
2 0 9 28.7116
2 1 0 28.6872
2 1 1 28.6751
2 1 2 28.6649
2 1 3 28.6596
2 1 4 28.6571
2 1 5 28.6546
2 1 6 28.652
2 1 7 28.6489
2 1 8 28.6463
2 1 9 28.6439
3 -1 0 28.0874
3 0 0 28.0241
3 0 1 27.9921
3 0 2 27.9724
3 0 3 27.9591
3 0 4 27.9514
3 0 5 27.9466
3 0 6 27.9432
3 0 7 27.9406
3 0 8 27.9381
3 0 9 27.9365
3 1 0 27.9506
3 1 1 27.9476
3 1 2 27.9461
3 1 3 27.9449
3 1 4 27.9443
3 1 5 27.9436
3 1 6 27.9433
3 1 7 27.9429
3 1 8 27.9426
3 1 9 27.9424
