-1 0 0 32.9885
0 0 0 31.1312
0 1 0 30.0489
1 -1 0 29.5196
1 0 0 29.1733
1 0 1 29.1432
1 0 2 29.1257
1 0 3 29.111
1 0 4 29.0932
1 0 5 29.0861
1 0 6 29.0823
1 0 7 29.0786
1 0 8 29.0746
1 0 9 29.0703
1 1 0 28.9962
1 1 1 28.9919
1 1 2 28.9902
1 1 3 28.9892
1 1 4 28.9885
1 1 5 28.9878
1 1 6 28.9873
1 1 7 28.987
1 1 8 28.9867
1 1 9 28.9865
2 -1 0 28.4974
2 0 0 28.3907
2 0 1 28.3595
2 0 2 28.3419
2 0 3 28.3306
2 0 4 28.3232
2 0 5 28.3158
2 0 6 28.3074
2 0 7 28.3017
2 0 8 28.2964
2 0 9 28.2917
2 1 0 28.2735
2 1 1 28.2655
2 1 2 28.2599
2 1 3 28.2536
2 1 4 28.2458
2 1 5 28.2371
2 1 6 28.2222
2 1 7 28.2017
2 1 8 28.1932
2 1 9 28.1913
3 -1 0 27.8182
3 0 0 27.741
3 0 1 27.7052
3 0 2 27.6893
3 0 3 27.6765
3 0 4 27.6655
3 0 5 27.6555
3 0 6 27.6452
3 0 7 27.6341
3 0 8 27.6215
3 0 9 27.6096
3 1 0 27.5776
3 1 1 27.5476
3 1 2 27.539
3 1 3 27.5352
3 1 4 27.5331
3 1 5 27.5316
3 1 6 27.5301
3 1 7 27.5287
3 1 8 27.5276
3 1 9 27.5271
