-1 0 0 32.9885
0 0 0 31.3874
0 1 0 30.5406
1 -1 0 30.0431
1 0 0 29.802
1 0 1 29.7783
1 0 2 29.7611
1 0 3 29.7494
1 0 4 29.741
1 0 5 29.7349
1 0 6 29.73
1 0 7 29.7262
1 0 8 29.723
1 0 9 29.7205
1 1 0 29.6434
1 1 1 29.6375
1 1 2 29.6333
1 1 3 29.6302
1 1 4 29.627
1 1 5 29.6231
1 1 6 29.6197
1 1 7 29.6167
1 1 8 29.614
1 1 9 29.6115
2 -1 0 29.1808
2 0 0 29.0885
2 0 1 29.0459
2 0 2 29.0063
2 0 3 28.9716
2 0 4 28.9368
2 0 5 28.9138
2 0 6 28.9011
2 0 7 28.8927
2 0 8 28.8873
2 0 9 28.8819
2 1 0 28.8579
2 1 1 28.851
2 1 2 28.8469
2 1 3 28.8448
2 1 4 28.8428
2 1 5 28.8407
2 1 6 28.8389
2 1 7 28.837
2 1 8 28.8351
2 1 9 28.834
3 -1 0 28.2635
3 0 0 28.1797
3 0 1 28.1354
3 0 2 28.11
3 0 3 28.0981
3 0 4 28.091
3 0 5 28.0873
3 0 6 28.0846
3 0 7 28.0829
3 0 8 28.0817
3 0 9 28.0808
3 1 0 28.0852
3 1 1 28.0811
3 1 2 28.0793
3 1 3 28.079
3 1 4 28.0788
3 1 5 28.0788
3 1 6 28.0787
3 1 7 28.0787
3 1 8 28.0786
3 1 9 28.0786
