-1 0 0 32.9885
0 0 0 31.136
0 1 0 30.3749
1 -1 0 29.858
1 0 0 29.5464
1 0 1 29.5206
1 0 2 29.5014
1 0 3 29.4853
1 0 4 29.4787
1 0 5 29.4726
1 0 6 29.4672
1 0 7 29.4638
1 0 8 29.4618
1 0 9 29.4601
1 1 0 29.3579
1 1 1 29.3514
1 1 2 29.3466
1 1 3 29.3446
1 1 4 29.3433
1 1 5 29.3418
1 1 6 29.3407
1 1 7 29.3395
1 1 8 29.3378
1 1 9 29.336
2 -1 0 28.8903
2 0 0 28.7822
2 0 1 28.7453
2 0 2 28.7221
2 0 3 28.7093
2 0 4 28.6997
2 0 5 28.6932
2 0 6 28.6883
2 0 7 28.683
2 0 8 28.6763
2 0 9 28.6669
2 1 0 28.6384
2 1 1 28.6285
2 1 2 28.625
2 1 3 28.6217
2 1 4 28.619
2 1 5 28.6155
2 1 6 28.6119
2 1 7 28.6096
2 1 8 28.6076
2 1 9 28.6065
3 -1 0 28.0481
3 0 0 27.9713
3 0 1 27.9397
3 0 2 27.9227
3 0 3 27.9123
3 0 4 27.9047
3 0 5 27.8997
3 0 6 27.8956
3 0 7 27.8929
3 0 8 27.8909
3 0 9 27.8885
3 1 0 27.9011
3 1 1 27.8965
3 1 2 27.8941
3 1 3 27.893
3 1 4 27.8924
3 1 5 27.8922
3 1 6 27.8921
3 1 7 27.892
3 1 8 27.8919
3 1 9 27.8919
